0.004921 136350.365736
0.021821 136320.432257
0.038721 136338.344126
0.048557 136366.165784
0.065458 136333.382960
0.082358 136355.488936
0.092191 136314.484558
0.109077 136296.706681
0.125978 136334.621082
0.135811 136328.864013
0.152715 136303.481778
0.169619 136338.977795
0.179454 136357.375674
0.196347 136340.434936
0.213253 136370.599442
0.223079 136355.566028
0.239987 136328.644202
0.256884 136365.556865
0.266715 136350.960009
0.283614 136341.710981
0.300507 136350.345946
0.310351 136388.727990
0.327253 136381.735000
0.344149 136403.895362
0.353990 136355.951119
0.370877 136361.967481
0.387773 136360.906140
0.397617 136386.311771
0.414516 136386.250953
0.431415 136405.901349
0.441252 136404.894156
0.458152 136378.294012
0.475051 136408.455980
0.484879 136476.480097
0.501784 136452.830319
0.518682 136470.106373
0.528512 136426.211609
0.545411 136400.732688
0.562319 136427.560841
0.572149 136464.436598
0.589055 136452.853439
0.605947 136453.263375
0.615782 136446.418672
0.632682 136442.683996
0.649579 136453.080167
0.659416 136466.888540
0.676317 136466.464243
0.693219 136473.489271
0.703054 136474.233741
0.719946 136465.477082
0.736850 136492.227829
0.746690 136479.530063
0.763584 136469.552611
0.780478 136462.350699
0.790319 136495.431203
0.807212 136468.945921
0.824107 136475.156041
0.833946 136483.104298
0.850850 136467.124852
0.867742 136478.764590
0.877577 136503.819523
0.894479 136467.974555
0.911381 136484.344676
0.921217 136473.583926
0.938114 136466.871362
0.955014 136459.229258
0.964849 136486.573342
0.981742 136460.948632
0.998647 136482.943622
1.008477 136451.453501
1.025385 136447.653034
1.042284 136459.166870
1.052115 136505.617418
1.069013 136489.450312
1.085917 136516.607014
1.095745 136435.524674
1.112645 136427.584744
1.129544 136443.630354
1.139381 136455.276545
1.156280 136434.484311
1.173179 136444.343585
1.183023 136412.586935
1.199919 136398.695575
1.216806 136409.394012
1.226648 136476.774276
1.243544 136463.425754
1.260445 136453.751221
1.270289 136411.978860
1.287183 136398.113500
1.304081 136432.434564
1.313912 136425.076235
1.330809 136402.673162
1.347718 136426.810878
1.357543 136420.687718
1.374449 136386.697433
1.391342 136428.394622
1.401177 136403.843152
1.418081 136363.910975
1.434986 136396.706939
1.444818 136406.954350
1.461719 136362.270377
1.478605 136383.549355
1.488439 136402.683586
1.505339 136443.738500
1.522240 136424.085666
1.532075 136400.352756
1.548975 136401.850766
1.565875 136389.560111
1.575718 136415.564267
1.592617 136389.746198
1.609517 136393.127174
1.619353 136432.758299
1.636254 136417.654336
1.653154 136433.802585
1.662987 136401.462447
1.679873 136372.248041
1.696774 136432.795972
1.706607 136406.967359
1.723511 136406.718642
1.740415 136422.447992
1.750250 136438.059131
1.767144 136410.787089
1.784049 136442.231434
1.793875 136452.974174
1.810783 136421.679229
1.827681 136428.433252
1.837512 136440.459999
1.854410 136419.939897
1.871304 136423.034411
1.881148 136494.433701
1.898049 136453.621001
1.914945 136468.207670
1.924787 136433.871500
1.941674 136412.425131
1.958570 136444.252635
1.968413 136453.882941
1.985312 136454.218614
2.002211 136481.102304
2.012049 136449.355905
2.028948 136443.742307
2.045848 136447.959060
2.055676 136528.869160
2.072580 136512.729659
2.089478 136528.066905
2.099308 136484.660004
2.116208 136467.325000
2.133115 136462.971518
2.142946 136500.761155
2.159851 136479.872419
2.176743 136493.734728
2.186578 136491.901408
2.203479 136454.620905
2.220375 136482.369300
2.230212 136490.153612
2.247114 136492.756587
2.264016 136514.224637
2.273850 136495.546227
2.290743 136506.335417
2.307647 136499.450605
2.317486 136494.937585
2.334380 136499.240787
2.351274 136494.516390
2.361115 136508.942830
2.378009 136492.143576
2.394903 136506.036726
2.404742 136489.998036
2.421646 136472.926458
2.438539 136509.915707
2.448373 136524.681028
2.465275 136479.424649
2.482177 136504.163050
2.492014 136457.075361
2.508910 136465.552698
2.525810 136497.574366
2.535646 136488.571004
2.552538 136480.870551
2.569443 136490.801418
2.579274 136442.076259
2.596181 136444.476216
2.613080 136448.718871
2.622911 136502.231755
2.639809 136463.970996
2.656713 136492.788335
2.666541 136426.954328
2.683441 136413.493669
2.700340 136413.244872
2.710178 136429.588366
2.727077 136425.394749
2.743976 136415.710666
2.753819 136398.323959
2.770715 136367.379518
2.787602 136381.170773
2.797444 136424.399114
2.814340 136405.802896
2.831241 136430.875167
2.841085 136394.212309
2.857979 136359.814023
2.874877 136385.324482
2.884708 136373.444393
2.901606 136367.202386
2.918514 136402.183578
2.928340 136388.252342
2.945245 136364.258516
2.962139 136391.060425
2.971974 136368.642363
2.988878 136351.738839
3.005782 136357.145298
3.015614 136360.808949
3.032516 136327.090722
3.049402 136357.271485
3.059235 136394.474341
3.076135 136359.502460
3.093036 136384.715187
3.102872 136366.358700
3.119772 136357.103511
3.136671 136375.493890
-3.136671 136351.782517
-3.119772 136372.999067
-3.102872 136374.481179
-3.093036 136398.839787
-3.076135 136361.172742
-3.059235 136359.196015
-3.049402 136346.833144
-3.032516 136329.738843
-3.015614 136347.361015
-3.005782 136360.263908
-2.988878 136362.846135
-2.971974 136366.055584
-2.962139 136411.548296
-2.945245 136389.112140
-2.928340 136410.321749
-2.918514 136390.313938
-2.901606 136381.644469
-2.884708 136409.084428
-2.874877 136410.863370
-2.857979 136384.408815
-2.841085 136381.941457
-2.831241 136441.145833
-2.814340 136450.688040
-2.797444 136459.120757
-2.787602 136399.169840
-2.770715 136392.014967
-2.753819 136435.030739
-2.743976 136445.393027
-2.727077 136422.616964
-2.710178 136453.941432
-2.700340 136425.528007
-2.683441 136436.712757
-2.666541 136442.314045
-2.656713 136491.004582
-2.639809 136476.788367
-2.622911 136516.407544
-2.613080 136462.230083
-2.596181 136430.790584
-2.579274 136458.008293
-2.569443 136499.107900
-2.552538 136468.961722
-2.535646 136485.217026
-2.525810 136496.074236
-2.508910 136459.656263
-2.492014 136481.668665
-2.482177 136514.886371
-2.465275 136487.002607
-2.448373 136514.090017
-2.438539 136497.323698
-2.421646 136479.392327
-2.404742 136496.498374
-2.394903 136509.299775
-2.378009 136503.079046
-2.361115 136500.990753
-2.351274 136496.830379
-2.334380 136489.141660
-2.317486 136516.578522
-2.307647 136512.877993
-2.290743 136494.855960
-2.273850 136509.431651
-2.264016 136504.571478
-2.247114 136537.802375
-2.230212 136499.446291
-2.220375 136510.671579
-2.203479 136474.650791
-2.186578 136518.606745
-2.176743 136518.164904
-2.159851 136493.571767
-2.142946 136503.820234
-2.133115 136491.670614
-2.116208 136484.978802
-2.099308 136495.773653
-2.089478 136551.976222
-2.072580 136541.200707
-2.055676 136538.871606
-2.045848 136491.413514
-2.028948 136476.824990
-2.012049 136473.120101
-2.002211 136502.845484
-1.985312 136469.031514
-1.968413 136504.082302
-1.958570 136467.916815
-1.941674 136434.564981
-1.924787 136463.092454
-1.914945 136484.212544
-1.898049 136502.386331
-1.881148 136494.025459
-1.871304 136456.200478
-1.854410 136443.040650
-1.837512 136451.774224
-1.827681 136473.581204
-1.810783 136463.069260
-1.793875 136465.458536
-1.784049 136485.068762
-1.767144 136472.528441
-1.750250 136473.607779
-1.740415 136440.316585
-1.723511 136422.913445
-1.706607 136446.792432
-1.696774 136439.173154
-1.679873 136418.703046
-1.662987 136436.341444
-1.653154 136453.234401
-1.636254 136477.951926
-1.619353 136475.940642
-1.609517 136473.752170
-1.592617 136453.893835
-1.575718 136480.811815
-1.565875 136481.719128
-1.548975 136437.548073
-1.532075 136441.630783
-1.522240 136462.741021
-1.505339 136435.322381
-1.488439 136468.639172
-1.478605 136447.973877
-1.461719 136439.824563
-1.444818 136477.594678
-1.434986 136460.795332
-1.418081 136435.370315
-1.401177 136433.774471
-1.391342 136490.461408
-1.374449 136453.094948
-1.357543 136481.556762
-1.347718 136441.994250
-1.330809 136469.849014
-1.313912 136455.404158
-1.304081 136466.281040
-1.287183 136446.808308
-1.270289 136475.893841
-1.260445 136518.462401
-1.243544 136495.540108
-1.226648 136495.304120
-1.216806 136471.909021
-1.199919 136458.700531
-1.183023 136463.914400
-1.173179 136512.076920
-1.156280 136480.844879
-1.139381 136505.248626
-1.129544 136499.485923
-1.112645 136463.196505
-1.095745 136494.626607
-1.085917 136535.685977
-1.069013 136535.007013
-1.052115 136549.079302
-1.042284 136508.567576
-1.025385 136504.038207
-1.008477 136517.884723
-0.998647 136540.571618
-0.981742 136529.795757
-0.964849 136542.362437
-0.955014 136524.472886
-0.938114 136521.014165
-0.921217 136530.132146
-0.911381 136551.461235
-0.894479 136544.473281
-0.877577 136522.507512
-0.867742 136530.621349
-0.850850 136543.747965
-0.833946 136550.222588
-0.824107 136533.716337
-0.807212 136517.714225
-0.790319 136538.744429
-0.780478 136536.711917
-0.763584 136513.018314
-0.746690 136521.837630
-0.736850 136542.986527
-0.719946 136533.578319
-0.703054 136525.077502
-0.693219 136523.519470
-0.676317 136494.710441
-0.659416 136545.598334
-0.649579 136520.179417
-0.632682 136508.056404
-0.615782 136503.924883
-0.605947 136496.433199
-0.589055 136498.569298
-0.572149 136535.965199
-0.562319 136502.681535
-0.545411 136464.897026
-0.528512 136493.408758
-0.518682 136520.864738
-0.501784 136499.515446
-0.484879 136538.506123
-0.475051 136472.650546
-0.458152 136449.499301
-0.441252 136471.787521
-0.431415 136482.614673
-0.414516 136467.474121
-0.397617 136469.538427
-0.387773 136431.953615
-0.370877 136443.181475
-0.353990 136446.109846
-0.344149 136487.901841
-0.327253 136465.605591
-0.310351 136480.634595
-0.300507 136443.040220
-0.283614 136420.097782
-0.266715 136437.435616
-0.256884 136448.471364
-0.239987 136415.944710
-0.223079 136433.082832
-0.213253 136440.974951
-0.196347 136402.813218
-0.179454 136443.163946
-0.169619 136376.725147
-0.152715 136402.976893
-0.135811 136406.609689
-0.125978 136414.252173
-0.109077 136386.452545
-0.092191 136380.018464
-0.082358 136402.142682
-0.065458 136387.956001
-0.048557 136418.378475
-0.038716 155142.195182
-0.021816 155140.206301
-0.004917 155147.967699
